1.310109731038411383e+03
1.549632410685221430e+03
1.984900334676106695e+03
2.215878092447916515e+03
2.809331807454427235e+03
3.104923258463541515e+03
3.897665883382161610e+03
4.157149068196614280e+03
4.707922383626301780e+03
5.716446879069010720e+03
6.150729166666666970e+03
6.552269388834635720e+03
7.852017944335937500e+03
8.172992757161458030e+03
8.393856730143228560e+03
8.995625447591146440e+03
9.383217692057291060e+03
9.738907104492187500e+03
1.046836946614583394e+04
1.109670825195312500e+04
1.158238354492187500e+04
1.203109045410156250e+04
1.216965087890625000e+04
1.227443680826822856e+04
1.239607466634114644e+04
1.276159224446614644e+04
1.310435786946614644e+04
1.378274861653645894e+04
1.542058300781250000e+04
1.571221822102864644e+04
1.611492423502604106e+04
1.630493090820312500e+04
1.639867423502604288e+04
1.662148592122395712e+04
1.699049910481770712e+04
1.758351904296875000e+04
1.855058268229166788e+04
1.880919637044270712e+04
1.903388085937500000e+04
2.137272965494791788e+04
2.202312418619791788e+04
2.245687963867187500e+04
2.336595760091145712e+04
2.406330273437500000e+04
2.445359871419270712e+04
2.456774300130208212e+04
2.469584456380208212e+04
2.501377766927083212e+04
2.598813623046875000e+04
2.627192504882812500e+04
2.659020613606770712e+04
3.019205664062500000e+04
3.120264737955729288e+04
3.208732535807291788e+04
3.247829695638020712e+04
3.274652392578125000e+04
3.283737906901041424e+04
3.311651643880208576e+04
3.391585042317708576e+04
3.421224462890625000e+04
3.645227783203125000e+04
3.683269921875000000e+04
3.767820491536458576e+04
3.811494384765625000e+04
4.205455305989583576e+04
4.313319596354166424e+04
4.417156770833333576e+04
4.491036035156250000e+04
4.737158902994791424e+04
4.794045442708333576e+04
4.865419807942708576e+04
4.887213753255208576e+04
4.917267301432291424e+04
4.973694156901041424e+04
5.026738151041666424e+04
5.186509635416666424e+04
5.241824804687500000e+04
5.272055680338541424e+04
5.848425764973958576e+04
5.959815901692708576e+04
6.047396484375000000e+04
6.208089860026041424e+04
6.283305908203125000e+04
6.349139095052083576e+04
6.378279427083333576e+04
6.406876757812500000e+04
6.455077018229166424e+04
6.486848063151041424e+04
6.603976692708332848e+04
6.661312207031250000e+04
6.694572005208332848e+04
7.067452604166667152e+04
7.143114518229167152e+04
7.211979492187500000e+04
7.299534147135417152e+04
7.357468847656250000e+04
7.406451432291667152e+04
7.475433626302082848e+04
7.934710156250000000e+04
8.043403808593750000e+04
8.129050748697917152e+04
8.242541634114582848e+04
8.332049414062500000e+04
8.390661686197917152e+04
8.441731184895832848e+04
8.740640104166667152e+04
8.829430631510417152e+04
8.902259700520832848e+04
8.972492122395832848e+04
9.051462923177082848e+04
9.141690071614582848e+04
9.194391243489582848e+04
9.241117350260417152e+04
9.276031673177082848e+04
9.295363509114582848e+04
9.309504069010417152e+04
9.324096419270832848e+04
9.336106087239582848e+04
9.352735579427082848e+04
9.364637109375000000e+04
